dd dt-dh(PKIKP) dt-dd(PKIKP) dt-all(PKIKP) dt-dh(PKiKP) dt-dd(PKiKP) dt-all(PKiKP) dt-dh(SKP) dt-dd(SKP) dt-all(SKP)
-1.0 -0.001  0.152  0.151 -0.002  0.152  0.150 -0.003  0.264  0.261
-0.9 -0.001  0.137  0.135 -0.002  0.137  0.135 -0.003  0.238  0.235
-0.8 -0.001  0.122  0.120 -0.002  0.122  0.120 -0.003  0.211  0.208
-0.7 -0.001  0.106  0.105 -0.002  0.106  0.105 -0.003  0.185  0.182
-0.6 -0.001  0.091  0.090 -0.002  0.091  0.090 -0.003  0.158  0.156
-0.5 -0.001  0.076  0.075 -0.002  0.076  0.074 -0.003  0.132  0.129
-0.4 -0.001  0.061  0.059 -0.002  0.061  0.059 -0.003  0.106  0.103
-0.3 -0.001  0.046  0.044 -0.002  0.046  0.044 -0.003  0.079  0.076
-0.2 -0.001  0.030  0.029 -0.002  0.030  0.029 -0.003  0.053  0.050
-0.1 -0.001  0.015  0.014 -0.002  0.015  0.014 -0.003  0.026  0.024
-0.0 -0.001  0.000 -0.001 -0.002  0.000 -0.002 -0.003  0.000 -0.003
 0.1 -0.001 -0.015 -0.017 -0.002 -0.015 -0.017 -0.003 -0.026 -0.029
 0.2 -0.001 -0.030 -0.032 -0.002 -0.030 -0.032 -0.003 -0.053 -0.056
 0.3 -0.001 -0.046 -0.047 -0.002 -0.046 -0.047 -0.003 -0.079 -0.082
 0.4 -0.001 -0.061 -0.062 -0.002 -0.061 -0.062 -0.003 -0.106 -0.108
 0.5 -0.001 -0.076 -0.077 -0.002 -0.076 -0.078 -0.003 -0.132 -0.135
 0.6 -0.001 -0.091 -0.093 -0.002 -0.091 -0.093 -0.003 -0.158 -0.161
 0.7 -0.001 -0.106 -0.108 -0.002 -0.106 -0.108 -0.003 -0.185 -0.188
 0.8 -0.001 -0.122 -0.123 -0.002 -0.122 -0.123 -0.003 -0.211 -0.214
 0.9 -0.001 -0.137 -0.138 -0.002 -0.137 -0.138 -0.003 -0.238 -0.240
 1.0 -0.001 -0.152 -0.153 -0.002 -0.152 -0.154 -0.003 -0.264 -0.267
