dd dt-dh(PKIKP) dt-dd(PKIKP) dt-all(PKIKP) dt-dh(PKiKP) dt-dd(PKiKP) dt-all(PKiKP) dt-dh(SKP) dt-dd(SKP) dt-all(SKP)
-1.0 -0.001  0.152  0.151 -0.001  0.152  0.151 -0.002  0.263  0.261
-0.9 -0.001  0.137  0.136 -0.001  0.137  0.136 -0.002  0.237  0.235
-0.8 -0.001  0.122  0.121 -0.001  0.122  0.121 -0.002  0.210  0.209
-0.7 -0.001  0.106  0.106 -0.001  0.106  0.106 -0.002  0.184  0.182
-0.6 -0.001  0.091  0.090 -0.001  0.091  0.090 -0.002  0.158  0.156
-0.5 -0.001  0.076  0.075 -0.001  0.076  0.075 -0.002  0.132  0.130
-0.4 -0.001  0.061  0.060 -0.001  0.061  0.060 -0.002  0.105  0.104
-0.3 -0.001  0.046  0.045 -0.001  0.046  0.045 -0.002  0.079  0.077
-0.2 -0.001  0.030  0.030 -0.001  0.030  0.030 -0.002  0.053  0.051
-0.1 -0.001  0.015  0.014 -0.001  0.015  0.014 -0.002  0.026  0.025
-0.0 -0.001  0.000 -0.001 -0.001  0.000 -0.001 -0.002  0.000 -0.002
 0.1 -0.001 -0.015 -0.016 -0.001 -0.015 -0.016 -0.002 -0.026 -0.028
 0.2 -0.001 -0.030 -0.031 -0.001 -0.030 -0.031 -0.002 -0.053 -0.054
 0.3 -0.001 -0.046 -0.046 -0.001 -0.046 -0.046 -0.002 -0.079 -0.081
 0.4 -0.001 -0.061 -0.062 -0.001 -0.061 -0.062 -0.002 -0.105 -0.107
 0.5 -0.001 -0.076 -0.077 -0.001 -0.076 -0.077 -0.002 -0.131 -0.133
 0.6 -0.001 -0.091 -0.092 -0.001 -0.091 -0.092 -0.002 -0.158 -0.159
 0.7 -0.001 -0.106 -0.107 -0.001 -0.106 -0.107 -0.002 -0.184 -0.186
 0.8 -0.001 -0.122 -0.122 -0.001 -0.122 -0.122 -0.002 -0.210 -0.212
 0.9 -0.001 -0.137 -0.138 -0.001 -0.137 -0.138 -0.002 -0.237 -0.238
 1.0 -0.001 -0.152 -0.153 -0.001 -0.152 -0.153 -0.002 -0.263 -0.265
