dd dt-dh(PKIKP) dt-dd(PKIKP) dt-all(PKIKP) dt-dh(PKiKP) dt-dd(PKiKP) dt-all(PKiKP) dt-dh(SKP) dt-dd(SKP) dt-all(SKP)
-1.0  0.006  0.152  0.158  0.006  0.152  0.158  0.011  0.264  0.275
-0.9  0.006  0.137  0.143  0.006  0.137  0.143  0.011  0.238  0.249
-0.8  0.006  0.122  0.128  0.006  0.122  0.128  0.011  0.211  0.222
-0.7  0.006  0.106  0.112  0.006  0.106  0.113  0.011  0.185  0.196
-0.6  0.006  0.091  0.097  0.006  0.091  0.098  0.011  0.158  0.170
-0.5  0.006  0.076  0.082  0.006  0.076  0.082  0.011  0.132  0.143
-0.4  0.006  0.061  0.067  0.006  0.061  0.067  0.011  0.106  0.117
-0.3  0.006  0.046  0.052  0.006  0.046  0.052  0.011  0.079  0.090
-0.2  0.006  0.030  0.036  0.006  0.030  0.037  0.011  0.053  0.064
-0.1  0.006  0.015  0.021  0.006  0.015  0.022  0.011  0.026  0.038
-0.0  0.006  0.000  0.006  0.006  0.000  0.006  0.011  0.000  0.011
 0.1  0.006 -0.015 -0.009  0.006 -0.015 -0.009  0.011 -0.026 -0.015
 0.2  0.006 -0.030 -0.024  0.006 -0.030 -0.024  0.011 -0.053 -0.042
 0.3  0.006 -0.046 -0.040  0.006 -0.046 -0.039  0.011 -0.079 -0.068
 0.4  0.006 -0.061 -0.055  0.006 -0.061 -0.054  0.011 -0.106 -0.094
 0.5  0.006 -0.076 -0.070  0.006 -0.076 -0.070  0.011 -0.132 -0.121
 0.6  0.006 -0.091 -0.085  0.006 -0.091 -0.085  0.011 -0.158 -0.147
 0.7  0.006 -0.106 -0.100  0.006 -0.106 -0.100  0.011 -0.185 -0.174
 0.8  0.006 -0.122 -0.116  0.006 -0.122 -0.115  0.011 -0.211 -0.200
 0.9  0.006 -0.137 -0.131  0.006 -0.137 -0.130  0.011 -0.238 -0.226
 1.0  0.006 -0.152 -0.146  0.006 -0.152 -0.146  0.011 -0.264 -0.253
